------Exercise A------
A=
 0.8402	 0.3944	 0.7831	 0.7984	 0.9116	
 0.3944	 0.1976	 0.3352	 0.7682	 0.2778	
 0.7831	 0.3352	 0.5540	 0.4774	 0.6289	
 0.7984	 0.7682	 0.4774	 0.3648	 0.5134	
 0.9116	 0.2778	 0.6289	 0.5134	 0.9522	

Number of rotations=39

A (after Jacobi diag. cyclic sweeps)=
 0.8402	 0.0000	 0.0000	 0.0000	-0.0000	
 0.3944	 0.1976	 0.0000	-0.0000	 0.0000	
 0.7831	 0.3352	 0.5540	 0.0000	-0.0000	
 0.7984	 0.7682	 0.4774	 0.3648	 0.0000	
 0.9116	 0.2778	 0.6289	 0.5134	 0.9522	

V (orth. matrix of eigvecs)=
-0.2849	 0.7563	 0.1690	-0.0873	 0.5574	
-0.6242	-0.3278	-0.2174	 0.6109	 0.2873	
 0.0720	-0.4655	 0.7696	-0.0994	 0.4194	
 0.7238	 0.0660	-0.1896	 0.5110	 0.4179	
 0.0107	-0.3156	-0.5439	-0.5901	 0.5061	

e (column vector of eigvals)=
(-0.5568, -0.1235,  0.0692,  0.4609,  3.0590)

V*A*(V^T)=D=diag(e)?
-0.5568	-0.0000	 0.0000	 0.0000	-0.0000	
-0.0000	-0.1235	 0.0000	-0.0000	 0.0000	
 0.0000	 0.0000	 0.0692	 0.0000	-0.0000	
 0.0000	-0.0000	 0.0000	 0.4609	 0.0000	
-0.0000	 0.0000	-0.0000	 0.0000	 3.0590	

